(kicad_pcb (version 20171130) (host pcbnew "(5.1.6)-1")

  (general
    (thickness 1.6)
    (drawings 17)
    (tracks 665)
    (zones 0)
    (modules 68)
    (nets 80)
  )

  (page A4)
  (layers
    (0 F.Cu signal)
    (31 B.Cu signal)
    (34 B.Paste user)
    (35 F.Paste user)
    (36 B.SilkS user)
    (37 F.SilkS user)
    (38 B.Mask user)
    (39 F.Mask user)
    (40 Dwgs.User user)
    (41 Cmts.User user)
    (44 Edge.Cuts user)
    (45 Margin user)
    (46 B.CrtYd user)
    (47 F.CrtYd user)
    (48 B.Fab user)
    (49 F.Fab user)
  )

  (setup
    (last_trace_width 0.25)
    (user_trace_width 0.01)
    (user_trace_width 0.02)
    (user_trace_width 0.05)
    (user_trace_width 0.1)
    (user_trace_width 0.1778)
    (user_trace_width 0.2)
    (user_trace_width 0.5)
    (user_trace_width 1)
    (trace_clearance 0.2)
    (zone_clearance 0.2032)
    (zone_45_only no)
    (trace_min 0.01)
    (via_size 0.6)
    (via_drill 0.4)
    (via_min_size 0.4)
    (via_min_drill 0.3)
    (user_via 0.6 0.3)
    (uvia_size 0.3)
    (uvia_drill 0.1)
    (uvias_allowed no)
    (uvia_min_size 0.2)
    (uvia_min_drill 0.1)
    (edge_width 0.1)
    (segment_width 0.2)
    (pcb_text_width 0.3)
    (pcb_text_size 1.5 1.5)
    (mod_edge_width 0.15)
    (mod_text_size 1 1)
    (mod_text_width 0.15)
    (pad_size 2.75 2.75)
    (pad_drill 2.75)
    (pad_to_mask_clearance 0)
    (aux_axis_origin 0 0)
    (visible_elements 7FFFFFFF)
    (pcbplotparams
      (layerselection 0x013f8_ffffffff)
      (usegerberextensions true)
      (usegerberattributes false)
      (usegerberadvancedattributes false)
      (creategerberjobfile false)
      (excludeedgelayer true)
      (linewidth 0.100000)
      (plotframeref false)
      (viasonmask false)
      (mode 1)
      (useauxorigin false)
      (hpglpennumber 1)
      (hpglpenspeed 20)
      (hpglpendiameter 15.000000)
      (psnegative false)
      (psa4output false)
      (plotreference true)
      (plotvalue true)
      (plotinvisibletext false)
      (padsonsilk false)
      (subtractmaskfromsilk false)
      (outputformat 1)
      (mirror false)
      (drillshape 0)
      (scaleselection 1)
      (outputdirectory "cam/"))
  )

  (net 0 "")
  (net 1 GND)
  (net 2 +3V3)
  (net 3 /MOT-7)
  (net 4 /MOT+7)
  (net 5 /MOT-6)
  (net 6 /MOT+6)
  (net 7 /MOT-5)
  (net 8 /MOT+5)
  (net 9 /MOT-4)
  (net 10 /MOT+4)
  (net 11 /MOT-3)
  (net 12 /MOT+3)
  (net 13 /MOT-2)
  (net 14 /MOT+2)
  (net 15 /MOT-1)
  (net 16 /MOT+1)
  (net 17 /MOT-0)
  (net 18 /MOT+0)
  (net 19 /IP_BTN)
  (net 20 VDD)
  (net 21 /LRA)
  (net 22 /PWM0)
  (net 23 /EN0)
  (net 24 /EN1)
  (net 25 /PWM1)
  (net 26 /EN2)
  (net 27 /PWM2)
  (net 28 /EN3)
  (net 29 /PWM3)
  (net 30 /PWM4)
  (net 31 /EN4)
  (net 32 /EN5)
  (net 33 /PWM5)
  (net 34 /PWM6)
  (net 35 /EN6)
  (net 36 /PWM7)
  (net 37 /EN7)
  (net 38 /VBAT)
  (net 39 "Net-(R4-Pad1)")
  (net 40 /SDA)
  (net 41 /SCL)
  (net 42 "Net-(J3-PadB5)")
  (net 43 "Net-(J3-PadA8)")
  (net 44 "Net-(J3-PadA5)")
  (net 45 "Net-(J3-PadB8)")
  (net 46 "Net-(U9-Pad4)")
  (net 47 "Net-(U10-Pad25)")
  (net 48 "Net-(U10-Pad27)")
  (net 49 "Net-(U10-Pad28)")
  (net 50 "Net-(U10-Pad29)")
  (net 51 "Net-(U10-Pad30)")
  (net 52 "Net-(U10-Pad31)")
  (net 53 "Net-(U11-Pad1)")
  (net 54 "Net-(U11-Pad6)")
  (net 55 "Net-(U11-Pad7)")
  (net 56 "Net-(U11-Pad9)")
  (net 57 "Net-(U11-Pad11)")
  (net 58 "Net-(U11-Pad12)")
  (net 59 /D+)
  (net 60 /D-)
  (net 61 /RESET)
  (net 62 /TXD)
  (net 63 /RXD)
  (net 64 "Net-(D1-Pad1)")
  (net 65 "Net-(D1-Pad2)")
  (net 66 VBUS)
  (net 67 "Net-(D2-Pad1)")
  (net 68 "Net-(Q2-Pad1)")
  (net 69 "Net-(SW2-Pad3)")
  (net 70 "Net-(C19-Pad1)")
  (net 71 "Net-(C20-Pad1)")
  (net 72 /DBLTAP)
  (net 73 /BATTMON)
  (net 74 /BOOT0)
  (net 75 /STATUSLED)
  (net 76 "Net-(D3-Pad3)")
  (net 77 /GPIO45)
  (net 78 /GPIO42)
  (net 79 /GPIO41)

  (net_class Default "This is the default net class."
    (clearance 0.2)
    (trace_width 0.25)
    (via_dia 0.6)
    (via_drill 0.4)
    (uvia_dia 0.3)
    (uvia_drill 0.1)
    (add_net +3V3)
    (add_net /BATTMON)
    (add_net /BOOT0)
    (add_net /D+)
    (add_net /D-)
    (add_net /DBLTAP)
    (add_net /EN0)
    (add_net /EN1)
    (add_net /EN2)
    (add_net /EN3)
    (add_net /EN4)
    (add_net /EN5)
    (add_net /EN6)
    (add_net /EN7)
    (add_net /GPIO41)
    (add_net /GPIO42)
    (add_net /GPIO45)
    (add_net /IP_BTN)
    (add_net /LRA)
    (add_net /MOT+0)
    (add_net /MOT+1)
    (add_net /MOT+2)
    (add_net /MOT+3)
    (add_net /MOT+4)
    (add_net /MOT+5)
    (add_net /MOT+6)
    (add_net /MOT+7)
    (add_net /MOT-0)
    (add_net /MOT-1)
    (add_net /MOT-2)
    (add_net /MOT-3)
    (add_net /MOT-4)
    (add_net /MOT-5)
    (add_net /MOT-6)
    (add_net /MOT-7)
    (add_net /PWM0)
    (add_net /PWM1)
    (add_net /PWM2)
    (add_net /PWM3)
    (add_net /PWM4)
    (add_net /PWM5)
    (add_net /PWM6)
    (add_net /PWM7)
    (add_net /RESET)
    (add_net /RXD)
    (add_net /SCL)
    (add_net /SDA)
    (add_net /STATUSLED)
    (add_net /TXD)
    (add_net /VBAT)
    (add_net GND)
    (add_net "Net-(C19-Pad1)")
    (add_net "Net-(C20-Pad1)")
    (add_net "Net-(D1-Pad1)")
    (add_net "Net-(D1-Pad2)")
    (add_net "Net-(D2-Pad1)")
    (add_net "Net-(D3-Pad3)")
    (add_net "Net-(J3-PadA5)")
    (add_net "Net-(J3-PadA8)")
    (add_net "Net-(J3-PadB5)")
    (add_net "Net-(J3-PadB8)")
    (add_net "Net-(Q2-Pad1)")
    (add_net "Net-(R4-Pad1)")
    (add_net "Net-(SW2-Pad3)")
    (add_net "Net-(U10-Pad25)")
    (add_net "Net-(U10-Pad27)")
    (add_net "Net-(U10-Pad28)")
    (add_net "Net-(U10-Pad29)")
    (add_net "Net-(U10-Pad30)")
    (add_net "Net-(U10-Pad31)")
    (add_net "Net-(U11-Pad1)")
    (add_net "Net-(U11-Pad11)")
    (add_net "Net-(U11-Pad12)")
    (add_net "Net-(U11-Pad6)")
    (add_net "Net-(U11-Pad7)")
    (add_net "Net-(U11-Pad9)")
    (add_net "Net-(U9-Pad4)")
    (add_net VBUS)
    (add_net VDD)
  )

  (module Button_Switch_SMD:SW_SPST_PTS645 (layer F.Cu) (tedit 5A02FC95) (tstamp 6053F32D)
    (at 71.755 44.704)
    (descr "C&K Components SPST SMD PTS645 Series 6mm Tact Switch")
    (tags "SPST Button Switch")
    (path /604EF018)
    (attr smd)
    (fp_text reference SW1 (at 0 -4.05) (layer F.SilkS)
      (effects (font (size 1 1) (thickness 0.15)))
    )
    (fp_text value SW_Push (at 0 4.15) (layer F.Fab)
      (effects (font (size 1 1) (thickness 0.15)))
    )
    (fp_line (start -3 -3) (end -3 3) (layer F.Fab) (width 0.1))
    (fp_line (start -3 3) (end 3 3) (layer F.Fab) (width 0.1))
    (fp_line (start 3 3) (end 3 -3) (layer F.Fab) (width 0.1))
    (fp_line (start 3 -3) (end -3 -3) (layer F.Fab) (width 0.1))
    (fp_line (start 5.05 3.4) (end 5.05 -3.4) (layer F.CrtYd) (width 0.05))
    (fp_line (start -5.05 -3.4) (end -5.05 3.4) (layer F.CrtYd) (width 0.05))
    (fp_line (start -5.05 3.4) (end 5.05 3.4) (layer F.CrtYd) (width 0.05))
    (fp_line (start -5.05 -3.4) (end 5.05 -3.4) (layer F.CrtYd) (width 0.05))
    (fp_line (start 3.23 -3.23) (end 3.23 -3.2) (layer F.SilkS) (width 0.12))
    (fp_line (start 3.23 3.23) (end 3.23 3.2) (layer F.SilkS) (width 0.12))
    (fp_line (start -3.23 3.23) (end -3.23 3.2) (layer F.SilkS) (width 0.12))
    (fp_line (start -3.23 -3.2) (end -3.23 -3.23) (layer F.SilkS) (width 0.12))
    (fp_line (start 3.23 -1.3) (end 3.23 1.3) (layer F.SilkS) (width 0.12))
    (fp_line (start -3.23 -3.23) (end 3.23 -3.23) (layer F.SilkS) (width 0.12))
    (fp_line (start -3.23 -1.3) (end -3.23 1.3) (layer F.SilkS) (width 0.12))
    (fp_line (start -3.23 3.23) (end 3.23 3.23) (layer F.SilkS) (width 0.12))
    (fp_circle (center 0 0) (end 1.75 -0.05) (layer F.Fab) (width 0.1))
    (fp_text user %R (at 0 -4.05) (layer F.Fab)
      (effects (font (size 1 1) (thickness 0.15)))
    )
    (pad 2 smd rect (at -3.98 2.25) (size 1.55 1.3) (layers F.Cu F.Paste F.Mask)
      (net 19 /IP_BTN))
    (pad 1 smd rect (at -3.98 -2.25) (size 1.55 1.3) (layers F.Cu F.Paste F.Mask)
      (net 1 GND))
    (pad 1 smd rect (at 3.98 -2.25) (size 1.55 1.3) (layers F.Cu F.Paste F.Mask)
      (net 1 GND))
    (pad 2 smd rect (at 3.98 2.25) (size 1.55 1.3) (layers F.Cu F.Paste F.Mask)
      (net 19 /IP_BTN))
    (model ${KISYS3DMOD}/Button_Switch_SMD.3dshapes/SW_SPST_PTS645.wrl
      (at (xyz 0 0 0))
      (scale (xyz 1 1 1))
      (rotate (xyz 0 0 0))
    )
  )

  (module Resistor_SMD:R_0603_1608Metric (layer F.Cu) (tedit 5B301BBD) (tstamp 6058604B)
    (at 24.13 35.56)
    (descr "Resistor SMD 0603 (1608 Metric), square (rectangular) end terminal, IPC_7351 nominal, (Body size source: http://www.tortai-tech.com/upload/download/2011102023233369053.pdf), generated with kicad-footprint-generator")
    (tags resistor)
    (path /61824B26)
    (attr smd)
    (fp_text reference R11 (at 0 4.572) (layer F.SilkS)
      (effects (font (size 1 1) (thickness 0.15)))
    )
    (fp_text value 1M (at 0 1.43) (layer F.Fab)
      (effects (font (size 1 1) (thickness 0.15)))
    )
    (fp_line (start 1.48 0.73) (end -1.48 0.73) (layer F.CrtYd) (width 0.05))
    (fp_line (start 1.48 -0.73) (end 1.48 0.73) (layer F.CrtYd) (width 0.05))
    (fp_line (start -1.48 -0.73) (end 1.48 -0.73) (layer F.CrtYd) (width 0.05))
    (fp_line (start -1.48 0.73) (end -1.48 -0.73) (layer F.CrtYd) (width 0.05))
    (fp_line (start -0.162779 0.51) (end 0.162779 0.51) (layer F.SilkS) (width 0.12))
    (fp_line (start -0.162779 -0.51) (end 0.162779 -0.51) (layer F.SilkS) (width 0.12))
    (fp_line (start 0.8 0.4) (end -0.8 0.4) (layer F.Fab) (width 0.1))
    (fp_line (start 0.8 -0.4) (end 0.8 0.4) (layer F.Fab) (width 0.1))
    (fp_line (start -0.8 -0.4) (end 0.8 -0.4) (layer F.Fab) (width 0.1))
    (fp_line (start -0.8 0.4) (end -0.8 -0.4) (layer F.Fab) (width 0.1))
    (fp_text user %R (at 0 0) (layer F.Fab)
      (effects (font (size 0.4 0.4) (thickness 0.06)))
    )
    (pad 1 smd roundrect (at -0.7875 0) (size 0.875 0.95) (layers F.Cu F.Paste F.Mask) (roundrect_rratio 0.25)
      (net 73 /BATTMON))
    (pad 2 smd roundrect (at 0.7875 0) (size 0.875 0.95) (layers F.Cu F.Paste F.Mask) (roundrect_rratio 0.25)
      (net 1 GND))
    (model ${KISYS3DMOD}/Resistor_SMD.3dshapes/R_0603_1608Metric.wrl
      (at (xyz 0 0 0))
      (scale (xyz 1 1 1))
      (rotate (xyz 0 0 0))
    )
  )

  (module Capacitor_SMD:C_0603_1608Metric (layer F.Cu) (tedit 5B301BBE) (tstamp 60585775)
    (at 46.482 27.686 270)
    (descr "Capacitor SMD 0603 (1608 Metric), square (rectangular) end terminal, IPC_7351 nominal, (Body size source: http://www.tortai-tech.com/upload/download/2011102023233369053.pdf), generated with kicad-footprint-generator")
    (tags capacitor)
    (path /617415E7)
    (attr smd)
    (fp_text reference C24 (at 0 1.524 90) (layer F.SilkS)
      (effects (font (size 1 1) (thickness 0.15)))
    )
    (fp_text value 1u (at 0 1.43 90) (layer F.Fab)
      (effects (font (size 1 1) (thickness 0.15)))
    )
    (fp_line (start 1.48 0.73) (end -1.48 0.73) (layer F.CrtYd) (width 0.05))
    (fp_line (start 1.48 -0.73) (end 1.48 0.73) (layer F.CrtYd) (width 0.05))
    (fp_line (start -1.48 -0.73) (end 1.48 -0.73) (layer F.CrtYd) (width 0.05))
    (fp_line (start -1.48 0.73) (end -1.48 -0.73) (layer F.CrtYd) (width 0.05))
    (fp_line (start -0.162779 0.51) (end 0.162779 0.51) (layer F.SilkS) (width 0.12))
    (fp_line (start -0.162779 -0.51) (end 0.162779 -0.51) (layer F.SilkS) (width 0.12))
    (fp_line (start 0.8 0.4) (end -0.8 0.4) (layer F.Fab) (width 0.1))
    (fp_line (start 0.8 -0.4) (end 0.8 0.4) (layer F.Fab) (width 0.1))
    (fp_line (start -0.8 -0.4) (end 0.8 -0.4) (layer F.Fab) (width 0.1))
    (fp_line (start -0.8 0.4) (end -0.8 -0.4) (layer F.Fab) (width 0.1))
    (fp_text user %R (at 0 0 90) (layer F.Fab)
      (effects (font (size 0.4 0.4) (thickness 0.06)))
    )
    (pad 1 smd roundrect (at -0.7875 0 270) (size 0.875 0.95) (layers F.Cu F.Paste F.Mask) (roundrect_rratio 0.25)
      (net 72 /DBLTAP))
    (pad 2 smd roundrect (at 0.7875 0 270) (size 0.875 0.95) (layers F.Cu F.Paste F.Mask) (roundrect_rratio 0.25)
      (net 1 GND))
    (model ${KISYS3DMOD}/Capacitor_SMD.3dshapes/C_0603_1608Metric.wrl
      (at (xyz 0 0 0))
      (scale (xyz 1 1 1))
      (rotate (xyz 0 0 0))
    )
  )

  (module Resistor_SMD:R_0603_1608Metric (layer F.Cu) (tedit 5B301BBD) (tstamp 60585786)
    (at 48.26 27.686 270)
    (descr "Resistor SMD 0603 (1608 Metric), square (rectangular) end terminal, IPC_7351 nominal, (Body size source: http://www.tortai-tech.com/upload/download/2011102023233369053.pdf), generated with kicad-footprint-generator")
    (tags resistor)
    (path /61740C78)
    (attr smd)
    (fp_text reference R9 (at -2.286 0 180) (layer F.SilkS)
      (effects (font (size 1 1) (thickness 0.15)))
    )
    (fp_text value 1M (at 0 1.43 90) (layer F.Fab)
      (effects (font (size 1 1) (thickness 0.15)))
    )
    (fp_line (start 1.48 0.73) (end -1.48 0.73) (layer F.CrtYd) (width 0.05))
    (fp_line (start 1.48 -0.73) (end 1.48 0.73) (layer F.CrtYd) (width 0.05))
    (fp_line (start -1.48 -0.73) (end 1.48 -0.73) (layer F.CrtYd) (width 0.05))
    (fp_line (start -1.48 0.73) (end -1.48 -0.73) (layer F.CrtYd) (width 0.05))
    (fp_line (start -0.162779 0.51) (end 0.162779 0.51) (layer F.SilkS) (width 0.12))
    (fp_line (start -0.162779 -0.51) (end 0.162779 -0.51) (layer F.SilkS) (width 0.12))
    (fp_line (start 0.8 0.4) (end -0.8 0.4) (layer F.Fab) (width 0.1))
    (fp_line (start 0.8 -0.4) (end 0.8 0.4) (layer F.Fab) (width 0.1))
    (fp_line (start -0.8 -0.4) (end 0.8 -0.4) (layer F.Fab) (width 0.1))
    (fp_line (start -0.8 0.4) (end -0.8 -0.4) (layer F.Fab) (width 0.1))
    (fp_text user %R (at 0 0 90) (layer F.Fab)
      (effects (font (size 0.4 0.4) (thickness 0.06)))
    )
    (pad 1 smd roundrect (at -0.7875 0 270) (size 0.875 0.95) (layers F.Cu F.Paste F.Mask) (roundrect_rratio 0.25)
      (net 72 /DBLTAP))
    (pad 2 smd roundrect (at 0.7875 0 270) (size 0.875 0.95) (layers F.Cu F.Paste F.Mask) (roundrect_rratio 0.25)
      (net 1 GND))
    (model ${KISYS3DMOD}/Resistor_SMD.3dshapes/R_0603_1608Metric.wrl
      (at (xyz 0 0 0))
      (scale (xyz 1 1 1))
      (rotate (xyz 0 0 0))
    )
  )

  (module Capacitor_SMD:C_0603_1608Metric (layer F.Cu) (tedit 5B301BBE) (tstamp 60584639)
    (at 48.514 36.068 90)
    (descr "Capacitor SMD 0603 (1608 Metric), square (rectangular) end terminal, IPC_7351 nominal, (Body size source: http://www.tortai-tech.com/upload/download/2011102023233369053.pdf), generated with kicad-footprint-generator")
    (tags capacitor)
    (path /614B1256)
    (attr smd)
    (fp_text reference C19 (at -3.048 0 90) (layer F.SilkS)
      (effects (font (size 1 1) (thickness 0.15)))
    )
    (fp_text value 100n (at 0 1.43 90) (layer F.Fab)
      (effects (font (size 1 1) (thickness 0.15)))
    )
    (fp_text user %R (at 0 0 90) (layer F.Fab)
      (effects (font (size 0.4 0.4) (thickness 0.06)))
    )
    (fp_line (start -0.8 0.4) (end -0.8 -0.4) (layer F.Fab) (width 0.1))
    (fp_line (start -0.8 -0.4) (end 0.8 -0.4) (layer F.Fab) (width 0.1))
    (fp_line (start 0.8 -0.4) (end 0.8 0.4) (layer F.Fab) (width 0.1))
    (fp_line (start 0.8 0.4) (end -0.8 0.4) (layer F.Fab) (width 0.1))
    (fp_line (start -0.162779 -0.51) (end 0.162779 -0.51) (layer F.SilkS) (width 0.12))
    (fp_line (start -0.162779 0.51) (end 0.162779 0.51) (layer F.SilkS) (width 0.12))
    (fp_line (start -1.48 0.73) (end -1.48 -0.73) (layer F.CrtYd) (width 0.05))
    (fp_line (start -1.48 -0.73) (end 1.48 -0.73) (layer F.CrtYd) (width 0.05))
    (fp_line (start 1.48 -0.73) (end 1.48 0.73) (layer F.CrtYd) (width 0.05))
    (fp_line (start 1.48 0.73) (end -1.48 0.73) (layer F.CrtYd) (width 0.05))
    (pad 2 smd roundrect (at 0.7875 0 90) (size 0.875 0.95) (layers F.Cu F.Paste F.Mask) (roundrect_rratio 0.25)
      (net 1 GND))
    (pad 1 smd roundrect (at -0.7875 0 90) (size 0.875 0.95) (layers F.Cu F.Paste F.Mask) (roundrect_rratio 0.25)
      (net 70 "Net-(C19-Pad1)"))
    (model ${KISYS3DMOD}/Capacitor_SMD.3dshapes/C_0603_1608Metric.wrl
      (at (xyz 0 0 0))
      (scale (xyz 1 1 1))
      (rotate (xyz 0 0 0))
    )
  )

  (module Capacitor_SMD:C_0603_1608Metric (layer F.Cu) (tedit 5B301BBE) (tstamp 605846DD)
    (at 46.736 36.068 90)
    (descr "Capacitor SMD 0603 (1608 Metric), square (rectangular) end terminal, IPC_7351 nominal, (Body size source: http://www.tortai-tech.com/upload/download/2011102023233369053.pdf), generated with kicad-footprint-generator")
    (tags capacitor)
    (path /6156E52D)
    (attr smd)
    (fp_text reference C23 (at -3.048 0 90) (layer F.SilkS)
      (effects (font (size 1 1) (thickness 0.15)))
    )
    (fp_text value 100n (at 0 1.43 90) (layer F.Fab)
      (effects (font (size 1 1) (thickness 0.15)))
    )
    (fp_line (start 1.48 0.73) (end -1.48 0.73) (layer F.CrtYd) (width 0.05))
    (fp_line (start 1.48 -0.73) (end 1.48 0.73) (layer F.CrtYd) (width 0.05))
    (fp_line (start -1.48 -0.73) (end 1.48 -0.73) (layer F.CrtYd) (width 0.05))
    (fp_line (start -1.48 0.73) (end -1.48 -0.73) (layer F.CrtYd) (width 0.05))
    (fp_line (start -0.162779 0.51) (end 0.162779 0.51) (layer F.SilkS) (width 0.12))
    (fp_line (start -0.162779 -0.51) (end 0.162779 -0.51) (layer F.SilkS) (width 0.12))
    (fp_line (start 0.8 0.4) (end -0.8 0.4) (layer F.Fab) (width 0.1))
    (fp_line (start 0.8 -0.4) (end 0.8 0.4) (layer F.Fab) (width 0.1))
    (fp_line (start -0.8 -0.4) (end 0.8 -0.4) (layer F.Fab) (width 0.1))
    (fp_line (start -0.8 0.4) (end -0.8 -0.4) (layer F.Fab) (width 0.1))
    (fp_text user %R (at 0 0 90) (layer F.Fab)
      (effects (font (size 0.4 0.4) (thickness 0.06)))
    )
    (pad 1 smd roundrect (at -0.7875 0 90) (size 0.875 0.95) (layers F.Cu F.Paste F.Mask) (roundrect_rratio 0.25)
      (net 2 +3V3))
    (pad 2 smd roundrect (at 0.7875 0 90) (size 0.875 0.95) (layers F.Cu F.Paste F.Mask) (roundrect_rratio 0.25)
      (net 1 GND))
    (model ${KISYS3DMOD}/Capacitor_SMD.3dshapes/C_0603_1608Metric.wrl
      (at (xyz 0 0 0))
      (scale (xyz 1 1 1))
      (rotate (xyz 0 0 0))
    )
  )

  (module Capacitor_SMD:C_0603_1608Metric (layer F.Cu) (tedit 5B301BBE) (tstamp 6058464A)
    (at 56.642 36.068 90)
    (descr "Capacitor SMD 0603 (1608 Metric), square (rectangular) end terminal, IPC_7351 nominal, (Body size source: http://www.tortai-tech.com/upload/download/2011102023233369053.pdf), generated with kicad-footprint-generator")
    (tags capacitor)
    (path /613F5A24)
    (attr smd)
    (fp_text reference C20 (at 0 1.524 90) (layer F.SilkS)
      (effects (font (size 1 1) (thickness 0.15)))
    )
    (fp_text value 2.2n (at 0 1.43 90) (layer F.Fab)
      (effects (font (size 1 1) (thickness 0.15)))
    )
    (fp_line (start 1.48 0.73) (end -1.48 0.73) (layer F.CrtYd) (width 0.05))
    (fp_line (start 1.48 -0.73) (end 1.48 0.73) (layer F.CrtYd) (width 0.05))
    (fp_line (start -1.48 -0.73) (end 1.48 -0.73) (layer F.CrtYd) (width 0.05))
    (fp_line (start -1.48 0.73) (end -1.48 -0.73) (layer F.CrtYd) (width 0.05))
    (fp_line (start -0.162779 0.51) (end 0.162779 0.51) (layer F.SilkS) (width 0.12))
    (fp_line (start -0.162779 -0.51) (end 0.162779 -0.51) (layer F.SilkS) (width 0.12))
    (fp_line (start 0.8 0.4) (end -0.8 0.4) (layer F.Fab) (width 0.1))
    (fp_line (start 0.8 -0.4) (end 0.8 0.4) (layer F.Fab) (width 0.1))
    (fp_line (start -0.8 -0.4) (end 0.8 -0.4) (layer F.Fab) (width 0.1))
    (fp_line (start -0.8 0.4) (end -0.8 -0.4) (layer F.Fab) (width 0.1))
    (fp_text user %R (at 0 0 90) (layer F.Fab)
      (effects (font (size 0.4 0.4) (thickness 0.06)))
    )
    (pad 1 smd roundrect (at -0.7875 0 90) (size 0.875 0.95) (layers F.Cu F.Paste F.Mask) (roundrect_rratio 0.25)
      (net 71 "Net-(C20-Pad1)"))
    (pad 2 smd roundrect (at 0.7875 0 90) (size 0.875 0.95) (layers F.Cu F.Paste F.Mask) (roundrect_rratio 0.25)
      (net 1 GND))
    (model ${KISYS3DMOD}/Capacitor_SMD.3dshapes/C_0603_1608Metric.wrl
      (at (xyz 0 0 0))
      (scale (xyz 1 1 1))
      (rotate (xyz 0 0 0))
    )
  )

  (module Sensor_Motion:InvenSense_QFN-24_4x4mm_P0.5mm (layer F.Cu) (tedit 5B5A6D8E) (tstamp 6053F4ED)
    (at 52.273999 36.050001 270)
    (descr "24-Lead Plastic QFN (4mm x 4mm); Pitch 0.5mm; EP 2.7x2.6mm; for InvenSense motion sensors; keepout area marked (Package see: https://store.invensense.com/datasheets/invensense/MPU-6050_DataSheet_V3%204.pdf; See also https://www.invensense.com/wp-content/uploads/2015/02/InvenSense-MEMS-Handling.pdf)")
    (tags "QFN 0.5")
    (path /6052833B)
    (attr smd)
    (fp_text reference U11 (at 0 -3.098001 90) (layer F.SilkS)
      (effects (font (size 1 1) (thickness 0.15)))
    )
    (fp_text value MPU-6050 (at 0 3.375 90) (layer F.Fab)
      (effects (font (size 1 1) (thickness 0.15)))
    )
    (fp_line (start -1 -2) (end 2 -2) (layer F.Fab) (width 0.15))
    (fp_line (start 2 -2) (end 2 2) (layer F.Fab) (width 0.15))
    (fp_line (start 2 2) (end -2 2) (layer F.Fab) (width 0.15))
    (fp_line (start -2 2) (end -2 -1) (layer F.Fab) (width 0.15))
    (fp_line (start -2 -1) (end -1 -2) (layer F.Fab) (width 0.15))
    (fp_line (start -2.65 -2.65) (end -2.65 2.65) (layer F.CrtYd) (width 0.05))
    (fp_line (start 2.65 -2.65) (end 2.65 2.65) (layer F.CrtYd) (width 0.05))
    (fp_line (start -2.65 -2.65) (end 2.65 -2.65) (layer F.CrtYd) (width 0.05))
    (fp_line (start -2.65 2.65) (end 2.65 2.65) (layer F.CrtYd) (width 0.05))
    (fp_line (start 2.15 -2.15) (end 2.15 -1.625) (layer F.SilkS) (width 0.15))
    (fp_line (start -2.15 2.15) (end -2.15 1.625) (layer F.SilkS) (width 0.15))
    (fp_line (start 2.15 2.15) (end 2.15 1.625) (layer F.SilkS) (width 0.15))
    (fp_line (start -2.15 -2.15) (end -1.625 -2.15) (layer F.SilkS) (width 0.15))
    (fp_line (start -2.15 2.15) (end -1.625 2.15) (layer F.SilkS) (width 0.15))
    (fp_line (start 2.15 2.15) (end 1.625 2.15) (layer F.SilkS) (width 0.15))
    (fp_line (start 2.15 -2.15) (end 1.625 -2.15) (layer F.SilkS) (width 0.15))
    (fp_line (start 1.375 1.325) (end 1.375 -1.325) (layer Dwgs.User) (width 0.05))
    (fp_line (start -1.375 1.325) (end -1.375 -1.325) (layer Dwgs.User) (width 0.05))
    (fp_line (start 1.375 -1.325) (end -1.375 -1.325) (layer Dwgs.User) (width 0.05))
    (fp_line (start 1.375 1.325) (end -1.375 1.325) (layer Dwgs.User) (width 0.05))
    (fp_line (start 1.375 0.825) (end 0.875 1.325) (layer Dwgs.User) (width 0.05))
    (fp_line (start 1.375 0.325) (end 0.375 1.325) (layer Dwgs.User) (width 0.05))
    (fp_line (start 1.375 -0.175) (end -0.125 1.325) (layer Dwgs.User) (width 0.05))
    (fp_line (start 1.375 -0.675) (end -0.625 1.325) (layer Dwgs.User) (width 0.05))
    (fp_line (start 1.375 -1.175) (end -1.125 1.325) (layer Dwgs.User) (width 0.05))
    (fp_line (start 1.025 -1.325) (end -1.375 1.075) (layer Dwgs.User) (width 0.05))
    (fp_line (start 0.525 -1.325) (end -1.375 0.575) (layer Dwgs.User) (width 0.05))
    (fp_line (start 0.025 -1.325) (end -1.375 0.075) (layer Dwgs.User) (width 0.05))
    (fp_line (start -0.475 -1.325) (end -1.375 -0.425) (layer Dwgs.User) (width 0.05))
    (fp_line (start -0.975 -1.325) (end -1.375 -0.925) (layer Dwgs.User) (width 0.05))
    (fp_text user %R (at 0 0 90) (layer F.Fab)
      (effects (font (size 1 1) (thickness 0.15)))
    )
    (fp_text user KEEPOUT (at 0 -0.5 90) (layer Cmts.User)
      (effects (font (size 0.2 0.2) (thickness 0.04)))
    )
    (fp_text user "No Copper" (at 0 -0.1 90) (layer Cmts.User)
      (effects (font (size 0.2 0.2) (thickness 0.04)))
    )
    (fp_text user "Directly Below" (at 0 0.25 90) (layer Cmts.User)
      (effects (font (size 0.2 0.2) (thickness 0.04)))
    )
    (fp_text user Component (at 0 0.55 90) (layer Cmts.User)
      (effects (font (size 0.2 0.2) (thickness 0.04)))
    )
    (pad 1 smd roundrect (at -1.95 -1.25 270) (size 0.85 0.3) (layers F.Cu F.Paste F.Mask) (roundrect_rratio 0.25)
      (net 53 "Net-(U11-Pad1)"))
    (pad 2 smd roundrect (at -1.95 -0.75 270) (size 0.85 0.3) (layers F.Cu F.Paste F.Mask) (roundrect_rratio 0.25))
    (pad 3 smd roundrect (at -1.95 -0.25 270) (size 0.85 0.3) (layers F.Cu F.Paste F.Mask) (roundrect_rratio 0.25))
    (pad 4 smd roundrect (at -1.95 0.25 270) (size 0.85 0.3) (layers F.Cu F.Paste F.Mask) (roundrect_rratio 0.25))
    (pad 5 smd roundrect (at -1.95 0.75 270) (size 0.85 0.3) (layers F.Cu F.Paste F.Mask) (roundrect_rratio 0.25))
    (pad 6 smd roundrect (at -1.95 1.25 270) (size 0.85 0.3) (layers F.Cu F.Paste F.Mask) (roundrect_rratio 0.25)
      (net 54 "Net-(U11-Pad6)"))
    (pad 7 smd roundrect (at -1.25 1.95) (size 0.85 0.3) (layers F.Cu F.Paste F.Mask) (roundrect_rratio 0.25)
      (net 55 "Net-(U11-Pad7)"))
    (pad 8 smd roundrect (at -0.75 1.95) (size 0.85 0.3) (layers F.Cu F.Paste F.Mask) (roundrect_rratio 0.25)
      (net 2 +3V3))
    (pad 9 smd roundrect (at -0.25 1.95) (size 0.85 0.3) (layers F.Cu F.Paste F.Mask) (roundrect_rratio 0.25)
      (net 56 "Net-(U11-Pad9)"))
    (pad 10 smd roundrect (at 0.25 1.95) (size 0.85 0.3) (layers F.Cu F.Paste F.Mask) (roundrect_rratio 0.25)
      (net 70 "Net-(C19-Pad1)"))
    (pad 11 smd roundrect (at 0.75 1.95) (size 0.85 0.3) (layers F.Cu F.Paste F.Mask) (roundrect_rratio 0.25)
      (net 57 "Net-(U11-Pad11)"))
    (pad 12 smd roundrect (at 1.25 1.95) (size 0.85 0.3) (layers F.Cu F.Paste F.Mask) (roundrect_rratio 0.25)
      (net 58 "Net-(U11-Pad12)"))
    (pad 13 smd roundrect (at 1.95 1.25 270) (size 0.85 0.3) (layers F.Cu F.Paste F.Mask) (roundrect_rratio 0.25)
      (net 2 +3V3))
    (pad 14 smd roundrect (at 1.95 0.75 270) (size 0.85 0.3) (layers F.Cu F.Paste F.Mask) (roundrect_rratio 0.25))
    (pad 15 smd roundrect (at 1.95 0.25 270) (size 0.85 0.3) (layers F.Cu F.Paste F.Mask) (roundrect_rratio 0.25))
    (pad 16 smd roundrect (at 1.95 -0.25 270) (size 0.85 0.3) (layers F.Cu F.Paste F.Mask) (roundrect_rratio 0.25))
    (pad 17 smd roundrect (at 1.95 -0.75 270) (size 0.85 0.3) (layers F.Cu F.Paste F.Mask) (roundrect_rratio 0.25))
    (pad 18 smd roundrect (at 1.95 -1.25 270) (size 0.85 0.3) (layers F.Cu F.Paste F.Mask) (roundrect_rratio 0.25)
      (net 1 GND))
    (pad 19 smd roundrect (at 1.25 -1.95) (size 0.85 0.3) (layers F.Cu F.Paste F.Mask) (roundrect_rratio 0.25))
    (pad 20 smd roundrect (at 0.75 -1.95) (size 0.85 0.3) (layers F.Cu F.Paste F.Mask) (roundrect_rratio 0.25)
      (net 71 "Net-(C20-Pad1)"))
    (pad 21 smd roundrect (at 0.25 -1.95) (size 0.85 0.3) (layers F.Cu F.Paste F.Mask) (roundrect_rratio 0.25))
    (pad 22 smd roundrect (at -0.25 -1.95) (size 0.85 0.3) (layers F.Cu F.Paste F.Mask) (roundrect_rratio 0.25))
    (pad 23 smd roundrect (at -0.75 -1.95) (size 0.85 0.3) (layers F.Cu F.Paste F.Mask) (roundrect_rratio 0.25)
      (net 41 /SCL))
    (pad 24 smd roundrect (at -1.25 -1.95) (size 0.85 0.3) (layers F.Cu F.Paste F.Mask) (roundrect_rratio 0.25)
      (net 40 /SDA))
    (model ${KISYS3DMOD}/Package_DFN_QFN.3dshapes/QFN-24-1EP_4x4mm_P0.5mm_EP2.7x2.6mm.wrl
      (at (xyz 0 0 0))
      (scale (xyz 1 1 1))
      (rotate (xyz 0 0 0))
    )
  )

  (module Capacitor_SMD:C_0603_1608Metric (layer F.Cu) (tedit 5B301BBE) (tstamp 605407CA)
    (at 62.738 45.72)
    (descr "Capacitor SMD 0603 (1608 Metric), square (rectangular) end terminal, IPC_7351 nominal, (Body size source: http://www.tortai-tech.com/upload/download/2011102023233369053.pdf), generated with kicad-footprint-generator")
    (tags capacitor)
    (path /603E674E)
    (attr smd)
    (fp_text reference C15 (at -2.54 0) (layer F.SilkS)
      (effects (font (size 1 1) (thickness 0.15)))
    )
    (fp_text value 100n (at 0 1.43) (layer F.Fab)
      (effects (font (size 1 1) (thickness 0.15)))
    )
    (fp_line (start -0.8 0.4) (end -0.8 -0.4) (layer F.Fab) (width 0.1))
    (fp_line (start -0.8 -0.4) (end 0.8 -0.4) (layer F.Fab) (width 0.1))
    (fp_line (start 0.8 -0.4) (end 0.8 0.4) (layer F.Fab) (width 0.1))
    (fp_line (start 0.8 0.4) (end -0.8 0.4) (layer F.Fab) (width 0.1))
    (fp_line (start -0.162779 -0.51) (end 0.162779 -0.51) (layer F.SilkS) (width 0.12))
    (fp_line (start -0.162779 0.51) (end 0.162779 0.51) (layer F.SilkS) (width 0.12))
    (fp_line (start -1.48 0.73) (end -1.48 -0.73) (layer F.CrtYd) (width 0.05))
    (fp_line (start -1.48 -0.73) (end 1.48 -0.73) (layer F.CrtYd) (width 0.05))
    (fp_line (start 1.48 -0.73) (end 1.48 0.73) (layer F.CrtYd) (width 0.05))
    (fp_line (start 1.48 0.73) (end -1.48 0.73) (layer F.CrtYd) (width 0.05))
    (fp_text user %R (at 0 0) (layer F.Fab)
      (effects (font (size 0.4 0.4) (thickness 0.06)))
    )
    (pad 1 smd roundrect (at -0.7875 0) (size 0.875 0.95) (layers F.Cu F.Paste F.Mask) (roundrect_rratio 0.25)
      (net 20 VDD))
    (pad 2 smd roundrect (at 0.7875 0) (size 0.875 0.95) (layers F.Cu F.Paste F.Mask) (roundrect_rratio 0.25)
      (net 1 GND))
    (model ${KISYS3DMOD}/Capacitor_SMD.3dshapes/C_0603_1608Metric.wrl
      (at (xyz 0 0 0))
      (scale (xyz 1 1 1))
      (rotate (xyz 0 0 0))
    )
  )

  (module Capacitor_SMD:C_0805_2012Metric (layer F.Cu) (tedit 5F68FEEE) (tstamp 60540554)
    (at 56.134 31.496 90)
    (descr "Capacitor SMD 0805 (2012 Metric), square (rectangular) end terminal, IPC_7351 nominal, (Body size source: IPC-SM-782 page 76, https://www.pcb-3d.com/wordpress/wp-content/uploads/ipc-sm-782a_amendment_1_and_2.pdf, https://docs.google.com/spreadsheets/d/1BsfQQcO9C6DZCsRaXUlFlo91Tg2WpOkGARC1WS5S8t0/edit?usp=sharing), generated with kicad-footprint-generator")
    (tags capacitor)
    (path /5E2CD13E)
    (attr smd)
    (fp_text reference C17 (at -2.286 0 180) (layer F.SilkS)
      (effects (font (size 1 1) (thickness 0.15)))
    )
    (fp_text value 22u (at 0 1.68 90) (layer F.Fab)
      (effects (font (size 1 1) (thickness 0.15)))
    )
    (fp_line (start -1 0.625) (end -1 -0.625) (layer F.Fab) (width 0.1))
    (fp_line (start -1 -0.625) (end 1 -0.625) (layer F.Fab) (width 0.1))
    (fp_line (start 1 -0.625) (end 1 0.625) (layer F.Fab) (width 0.1))
    (fp_line (start 1 0.625) (end -1 0.625) (layer F.Fab) (width 0.1))
    (fp_line (start -0.261252 -0.735) (end 0.261252 -0.735) (layer F.SilkS) (width 0.12))
    (fp_line (start -0.261252 0.735) (end 0.261252 0.735) (layer F.SilkS) (width 0.12))
    (fp_line (start -1.7 0.98) (end -1.7 -0.98) (layer F.CrtYd) (width 0.05))
    (fp_line (start -1.7 -0.98) (end 1.7 -0.98) (layer F.CrtYd) (width 0.05))
    (fp_line (start 1.7 -0.98) (end 1.7 0.98) (layer F.CrtYd) (width 0.05))
    (fp_line (start 1.7 0.98) (end -1.7 0.98) (layer F.CrtYd) (width 0.05))
    (fp_text user %R (at 0 0 90) (layer F.Fab)
      (effects (font (size 0.5 0.5) (thickness 0.08)))
    )
    (pad 1 smd roundrect (at -0.95 0 90) (size 1 1.45) (layers F.Cu F.Paste F.Mask) (roundrect_rratio 0.25)
      (net 2 +3V3))
    (pad 2 smd roundrect (at 0.95 0 90) (size 1 1.45) (layers F.Cu F.Paste F.Mask) (roundrect_rratio 0.25)
      (net 1 GND))
    (model ${KISYS3DMOD}/Capacitor_SMD.3dshapes/C_0805_2012Metric.wrl
      (at (xyz 0 0 0))
      (scale (xyz 1 1 1))
      (rotate (xyz 0 0 0))
    )
  )

  (module Capacitor_SMD:C_0805_2012Metric (layer F.Cu) (tedit 5F68FEEE) (tstamp 60540564)
    (at 62.23 31.496 90)
    (descr "Capacitor SMD 0805 (2012 Metric), square (rectangular) end terminal, IPC_7351 nominal, (Body size source: IPC-SM-782 page 76, https://www.pcb-3d.com/wordpress/wp-content/uploads/ipc-sm-782a_amendment_1_and_2.pdf, https://docs.google.com/spreadsheets/d/1BsfQQcO9C6DZCsRaXUlFlo91Tg2WpOkGARC1WS5S8t0/edit?usp=sharing), generated with kicad-footprint-generator")
    (tags capacitor)
    (path /5E2CC799)
    (attr smd)
    (fp_text reference C18 (at 0 1.524 90) (layer F.SilkS)
      (effects (font (size 1 1) (thickness 0.15)))
    )
    (fp_text value 10u (at 0 1.68 90) (layer F.Fab)
      (effects (font (size 1 1) (thickness 0.15)))
    )
    (fp_line (start 1.7 0.98) (end -1.7 0.98) (layer F.CrtYd) (width 0.05))
    (fp_line (start 1.7 -0.98) (end 1.7 0.98) (layer F.CrtYd) (width 0.05))
    (fp_line (start -1.7 -0.98) (end 1.7 -0.98) (layer F.CrtYd) (width 0.05))
    (fp_line (start -1.7 0.98) (end -1.7 -0.98) (layer F.CrtYd) (width 0.05))
    (fp_line (start -0.261252 0.735) (end 0.261252 0.735) (layer F.SilkS) (width 0.12))
    (fp_line (start -0.261252 -0.735) (end 0.261252 -0.735) (layer F.SilkS) (width 0.12))
    (fp_line (start 1 0.625) (end -1 0.625) (layer F.Fab) (width 0.1))
    (fp_line (start 1 -0.625) (end 1 0.625) (layer F.Fab) (width 0.1))
    (fp_line (start -1 -0.625) (end 1 -0.625) (layer F.Fab) (width 0.1))
    (fp_line (start -1 0.625) (end -1 -0.625) (layer F.Fab) (width 0.1))
    (fp_text user %R (at 0 0 90) (layer F.Fab)
      (effects (font (size 0.5 0.5) (thickness 0.08)))
    )
    (pad 2 smd roundrect (at 0.95 0 90) (size 1 1.45) (layers F.Cu F.Paste F.Mask) (roundrect_rratio 0.25)
      (net 1 GND))
    (pad 1 smd roundrect (at -0.95 0 90) (size 1 1.45) (layers F.Cu F.Paste F.Mask) (roundrect_rratio 0.25)
      (net 20 VDD))
    (model ${KISYS3DMOD}/Capacitor_SMD.3dshapes/C_0805_2012Metric.wrl
      (at (xyz 0 0 0))
      (scale (xyz 1 1 1))
      (rotate (xyz 0 0 0))
    )
  )

  (module Resistor_SMD:R_0603_1608Metric (layer F.Cu) (tedit 5B301BBD) (tstamp 5DC25D29)
    (at 65.786 44.704 270)
    (descr "Resistor SMD 0603 (1608 Metric), square (rectangular) end terminal, IPC_7351 nominal, (Body size source: http://www.tortai-tech.com/upload/download/2011102023233369053.pdf), generated with kicad-footprint-generator")
    (tags resistor)
    (path /5DC2749D)
    (attr smd)
    (fp_text reference R1 (at -2.159 0) (layer F.SilkS)
      (effects (font (size 1 1) (thickness 0.15)))
    )
    (fp_text value 10K (at 0 1.43 90) (layer F.Fab)
      (effects (font (size 1 1) (thickness 0.15)))
    )
    (fp_line (start 1.48 0.73) (end -1.48 0.73) (layer F.CrtYd) (width 0.05))
    (fp_line (start 1.48 -0.73) (end 1.48 0.73) (layer F.CrtYd) (width 0.05))
    (fp_line (start -1.48 -0.73) (end 1.48 -0.73) (layer F.CrtYd) (width 0.05))
    (fp_line (start -1.48 0.73) (end -1.48 -0.73) (layer F.CrtYd) (width 0.05))
    (fp_line (start -0.162779 0.51) (end 0.162779 0.51) (layer F.SilkS) (width 0.12))
    (fp_line (start -0.162779 -0.51) (end 0.162779 -0.51) (layer F.SilkS) (width 0.12))
    (fp_line (start 0.8 0.4) (end -0.8 0.4) (layer F.Fab) (width 0.1))
    (fp_line (start 0.8 -0.4) (end 0.8 0.4) (layer F.Fab) (width 0.1))
    (fp_line (start -0.8 -0.4) (end 0.8 -0.4) (layer F.Fab) (width 0.1))
    (fp_line (start -0.8 0.4) (end -0.8 -0.4) (layer F.Fab) (width 0.1))
    (fp_text user %R (at 0 0 90) (layer F.Fab)
      (effects (font (size 0.4 0.4) (thickness 0.06)))
    )
    (pad 2 smd roundrect (at 0.7875 0 270) (size 0.875 0.95) (layers F.Cu F.Paste F.Mask) (roundrect_rratio 0.25)
      (net 19 /IP_BTN))
    (pad 1 smd roundrect (at -0.7875 0 270) (size 0.875 0.95) (layers F.Cu F.Paste F.Mask) (roundrect_rratio 0.25)
      (net 2 +3V3))
    (model ${KISYS3DMOD}/Resistor_SMD.3dshapes/R_0603_1608Metric.wrl
      (at (xyz 0 0 0))
      (scale (xyz 1 1 1))
      (rotate (xyz 0 0 0))
    )
  )

  (module Capacitor_SMD:C_0603_1608Metric (layer F.Cu) (tedit 5B301BBE) (tstamp 5D8CAB01)
    (at 32.258 45.72)
    (descr "Capacitor SMD 0603 (1608 Metric), square (rectangular) end terminal, IPC_7351 nominal, (Body size source: http://www.tortai-tech.com/upload/download/2011102023233369053.pdf), generated with kicad-footprint-generator")
    (tags capacitor)
    (path /603BE71A)
    (attr smd)
    (fp_text reference C3 (at -2.54 0) (layer F.SilkS)
      (effects (font (size 1 1) (thickness 0.15)))
    )
    (fp_text value 100n (at 0 1.43) (layer F.Fab)
      (effects (font (size 1 1) (thickness 0.15)))
    )
    (fp_line (start 1.48 0.73) (end -1.48 0.73) (layer F.CrtYd) (width 0.05))
    (fp_line (start 1.48 -0.73) (end 1.48 0.73) (layer F.CrtYd) (width 0.05))
    (fp_line (start -1.48 -0.73) (end 1.48 -0.73) (layer F.CrtYd) (width 0.05))
    (fp_line (start -1.48 0.73) (end -1.48 -0.73) (layer F.CrtYd) (width 0.05))
    (fp_line (start -0.162779 0.51) (end 0.162779 0.51) (layer F.SilkS) (width 0.12))
    (fp_line (start -0.162779 -0.51) (end 0.162779 -0.51) (layer F.SilkS) (width 0.12))
    (fp_line (start 0.8 0.4) (end -0.8 0.4) (layer F.Fab) (width 0.1))
    (fp_line (start 0.8 -0.4) (end 0.8 0.4) (layer F.Fab) (width 0.1))
    (fp_line (start -0.8 -0.4) (end 0.8 -0.4) (layer F.Fab) (width 0.1))
    (fp_line (start -0.8 0.4) (end -0.8 -0.4) (layer F.Fab) (width 0.1))
    (fp_text user %R (at 0 0) (layer F.Fab)
      (effects (font (size 0.4 0.4) (thickness 0.06)))
    )
    (pad 2 smd roundrect (at 0.7875 0) (size 0.875 0.95) (layers F.Cu F.Paste F.Mask) (roundrect_rratio 0.25)
      (net 1 GND))
    (pad 1 smd roundrect (at -0.7875 0) (size 0.875 0.95) (layers F.Cu F.Paste F.Mask) (roundrect_rratio 0.25)
      (net 20 VDD))
    (model ${KISYS3DMOD}/Capacitor_SMD.3dshapes/C_0603_1608Metric.wrl
      (at (xyz 0 0 0))
      (scale (xyz 1 1 1))
      (rotate (xyz 0 0 0))
    )
  )

  (module RPi_Hat:RPi_Hat_Mounting_Hole locked (layer F.Cu) (tedit 55217CCB) (tstamp 58B743A7)
    (at 16 51)
    (descr "Mounting hole, Befestigungsbohrung, 2,7mm, No Annular, Kein Restring,")
    (tags "Mounting hole, Befestigungsbohrung, 2,7mm, No Annular, Kein Restring,")
    (fp_text reference "" (at 0 -4.0005) (layer F.SilkS) hide
      (effects (font (size 1 1) (thickness 0.15)))
    )
    (fp_text value "" (at 0.09906 3.59918) (layer F.Fab) hide
      (effects (font (size 1 1) (thickness 0.15)))
    )
    (fp_circle (center 0 0) (end 1.375 0) (layer F.Fab) (width 0.15))
    (fp_circle (center 0 0) (end 3.1 0) (layer F.Fab) (width 0.15))
    (fp_circle (center 0 0) (end 3.1 0) (layer B.Fab) (width 0.15))
    (fp_circle (center 0 0) (end 1.375 0) (layer B.Fab) (width 0.15))
    (fp_circle (center 0 0) (end 3.1 0) (layer F.CrtYd) (width 0.15))
    (fp_circle (center 0 0) (end 3.1 0) (layer B.CrtYd) (width 0.15))
    (pad "" np_thru_hole circle (at 0 0) (size 2.75 2.75) (drill 2.75) (layers *.Cu *.Mask)
      (solder_mask_margin 1.725) (clearance 1.725))
  )

  (module RPi_Hat:RPi_Hat_Mounting_Hole locked (layer F.Cu) (tedit 55217CCB) (tstamp 55169DC9)
    (at 74 51)
    (descr "Mounting hole, Befestigungsbohrung, 2,7mm, No Annular, Kein Restring,")
    (tags "Mounting hole, Befestigungsbohrung, 2,7mm, No Annular, Kein Restring,")
    (fp_text reference "" (at 0 -4.0005) (layer F.SilkS) hide
      (effects (font (size 1 1) (thickness 0.15)))
    )
    (fp_text value "" (at 0.09906 3.59918) (layer F.Fab) hide
      (effects (font (size 1 1) (thickness 0.15)))
    )
    (fp_circle (center 0 0) (end 1.375 0) (layer F.Fab) (width 0.15))
    (fp_circle (center 0 0) (end 3.1 0) (layer F.Fab) (width 0.15))
    (fp_circle (center 0 0) (end 3.1 0) (layer B.Fab) (width 0.15))
    (fp_circle (center 0 0) (end 1.375 0) (layer B.Fab) (width 0.15))
    (fp_circle (center 0 0) (end 3.1 0) (layer F.CrtYd) (width 0.15))
    (fp_circle (center 0 0) (end 3.1 0) (layer B.CrtYd) (width 0.15))
    (pad "" np_thru_hole circle (at 0 0) (size 2.75 2.75) (drill 2.75) (layers *.Cu *.Mask)
      (solder_mask_margin 1.725) (clearance 1.725))
  )

  (module RPi_Hat:RPi_Hat_Mounting_Hole locked (layer F.Cu) (tedit 55217CA2) (tstamp 5515DEBF)
    (at 16 28)
